4 4 4 4 4 4 4 4 4 4 4 4 4 4 4 4 4 4 4 4 4 4 4 4 4 4 
4 6 6 6 6 6 6 4 4 4 4 4 4 4 4 4 6 6 6 4 4 4 4 4 4 4 
4 6 6 6 6 6 6 6 6 3 3 3 3 3 3 3 3 3 6 6 6 6 6 6 6 4 
4 6 6 6 2 2 6 6 6 6 2 1 1 0 1 2 2 3 3 3 6 0 6 6 6 4 
4 6 6 6 0 2 6 6 2 2 2 1 2 2 1 2 6 6 6 3 3 3 3 6 6 4 
4 6 2 2 2 2 2 1 2 2 2 1 1 2 1 1 1 6 6 6 6 6 6 6 6 4 
4 6 6 6 1 2 1 1 2 2 2 1 1 2 2 1 1 1 1 1 1 6 6 3 6 4 
4 6 3 6 1 1 1 1 1 1 1 1 1 1 1 1 1 1 1 1 1 1 6 3 4 4 
4 6 3 2 2 2 2 1 1 1 3 3 3 3 3 3 1 1 1 1 2 2 6 3 4 4 
4 4 3 2 2 2 1 1 1 3 4 4 4 4 4 4 3 1 1 1 2 2 6 3 4 4 
4 4 3 1 1 1 1 1 3 4 4 4 4 1 0 4 4 3 1 1 1 2 1 3 4 4 
4 4 3 1 1 1 1 3 4 4 1 1 1 1 4 4 4 4 3 1 1 1 1 3 4 4 
4 4 3 1 1 1 3 4 4 2 1 4 4 4 4 4 4 4 4 3 1 1 1 3 4 4 
4 4 3 1 1 1 3 4 4 2 1 4 4 4 4 4 4 4 4 3 1 1 1 3 4 4 
4 4 3 1 1 2 1 4 4 4 1 1 1 1 1 1 2 4 4 1 1 2 1 3 4 4 
4 4 3 1 1 2 1 1 4 4 4 4 4 4 1 1 4 4 1 1 2 2 1 3 4 4 
4 4 3 3 1 2 1 1 6 4 4 4 4 4 1 1 1 1 1 1 2 2 1 3 4 4 
4 4 4 3 1 1 1 6 6 6 4 4 4 4 4 4 1 1 1 1 1 2 1 3 4 4 
4 4 4 3 1 1 2 2 2 6 6 4 1 4 4 6 1 1 1 1 1 1 1 3 4 4 
4 4 4 3 6 6 6 1 1 6 6 5 5 5 5 6 1 1 1 1 1 3 1 3 4 4 
4 4 4 3 2 2 6 2 2 6 6 4 1 4 4 6 6 1 1 1 1 3 5 3 4 4 
4 4 4 6 6 6 6 6 2 6 6 4 4 4 4 6 6 6 6 6 3 3 6 6 4 4 
4 4 4 6 0 6 6 6 2 6 4 4 4 4 4 6 6 6 6 6 3 6 6 7 4 4 
4 4 4 4 6 6 6 6 4 4 4 4 4 4 4 4 4 4 4 4 4 4 4 4 4 4 
4 4 4 4 4 4 4 4 4 4 4 4 4 4 4 4 4 4 4 4 4 4 4 4 4 4 
